
system
energy of substrate
energy of *OH
free energy correction of *OH
energy of *O
free energy correction of *O
energy of *OOH
free energy correction of *OOH

# 21Sc OH/O/OOH
O96Sc1Ru42Co2Cr3      -1082.742  -1092.982  0.283  -1086.516  0.010  -1097.307  0.343
O96Sc1Ru42Pd2V3       -1080.832  -1091.148  0.291  -1084.693  0.006  -1095.545  0.333
O96Sc1Ru42Tc2Ga3      -1071.563  -1081.611  0.297  -1075.201  0.014  -1086.258  0.333
O96Sc1Ru43Ga3Cu1      -1058.153  -1068.266  0.268  -1061.802  0.019  -1072.870  0.350
O96Sc1Ru43Mo3Mn1      -1094.100  -1104.364  0.288  -1098.008  0.003  -1108.854  0.372
O96Sc1Ru44Cu2Mn1      -1069.441  -1079.472  0.268  -1073.028  0.019  -1084.227  0.384
O96Sc1Ru44Pd2Rh1      -1066.214  -1076.461  0.270  -1070.001 -0.018  -1080.912  0.354
O96Sc1Ru44Sn2Ga1      -1066.534  -1076.644  0.286  -1070.162  0.010  -1081.181  0.336
O96Sc1Ru45Ge2         -1073.385  -1083.603  0.258  -1077.165  0.026  -1088.082  0.364
O96Sc1Ru46Fe1         -1079.613  -1089.757  0.301  -1083.318  0.010  -1094.219  0.334
# 22Ti OH/O/OOH
O96Ti1Ru41Ge3Mn3      -1075.071  -1085.541  0.335  -1080.357  0.065  -1089.882  0.364
O96Ti1Ru41Zn3V3       -1069.187  -1079.457  0.309  -1074.291  0.064  -1083.777  0.326
O96Ti1Ru42Zn3Fe2      -1058.500  -1068.247  0.306  -1062.897  0.059  -1073.175  0.383
O96Ti1Ru43Pd1Fe3      -1073.880  -1084.138  0.297  -1079.141  0.065  -1088.525  0.355
O96Ti1Ru43Y1Ge3       -1070.739  -1081.129  0.290  -1076.058  0.064  -1085.397  0.356
O96Ti1Ru45Cd1Mo1      -1076.681  -1087.066  0.338  -1081.894  0.062  -1091.383  0.370
O96Ti1Ru45In2         -1068.667  -1078.826  0.312  -1073.561  0.071  -1083.690  0.353
O96Ti1Ru45Sn1Tc1      -1079.851  -1090.173  0.284  -1085.181  0.064  -1094.494  0.384
O96Ti1Ru45Tc1Zn1      -1075.811  -1086.161  0.286  -1081.141  0.063  -1090.490  0.344
O96Ti1Ru46Mo1         -1085.703  -1096.044  0.256  -1091.045  0.061  -1100.377  0.356
# 23V OH/O/OOH
O96V1Ru41Nb3Zn3       -1074.752  -1084.595  0.318  -1079.915  0.075  -1089.159  0.330
O96V1Ru41Zr3Ga3       -1084.367  -1094.353  0.337  -1089.998  0.057  -1099.023  0.359
O96V1Ru42Ga3Cu2       -1051.093  -1061.467  0.329  -1056.969  0.064  -1065.724  0.382
O96V1Ru42Sb3Sc2       -1073.618  -1083.566  0.299  -1079.237  0.024  -1088.556  0.323
O96V1Ru43Ge1Cr3       -1085.454  -1095.736  0.283  -1091.321  0.079  -1100.195  0.370
O96V1Ru43Ti3Sc1       -1096.515  -1106.869  0.305  -1102.340  0.056  -1111.166  0.366
O96V1Ru44Ga1Fe2       -1074.683  -1085.050  0.327  -1080.471  0.066  -1089.518  0.374
O96V1Ru44Tc1Ti2       -1091.766  -1102.193  0.295  -1097.973  0.073  -1106.656  0.422
O96V1Ru45Sb1Tc1       -1078.657  -1089.143  0.306  -1084.846  0.069  -1093.578  0.414
O96V1Ru46Ge1          -1077.026  -1087.390  0.303  -1082.948  0.048  -1091.788  0.419
# 24Cr OH/O/OOH
O96Cr1Ru41Ag3Ga3      -1036.512  -1046.621  0.318  -1042.146  0.052  -1051.191  0.376
O96Cr1Ru41In3Zr3      -1076.626  -1086.787  0.330  -1082.389  0.062  -1091.202  0.374
O96Cr1Ru41Tc3Nb3      -1103.052  -1113.479  0.317  -1108.922  0.052  -1117.877  0.399
O96Cr1Ru41Tc3Ni3      -1074.401  -1084.397  0.329  -1079.937  0.067  -1088.938  0.358
O96Cr1Ru42In3Cd2      -1040.390  -1050.482  0.322  -1045.862  0.055  -1055.183  0.359
O96Cr1Ru42Rh2Tc3      -1082.276  -1092.660  0.302  -1088.176  0.062  -1097.098  0.398
O96Cr1Ru43Cd3Tc1      -1053.159  -1063.382  0.313  -1059.218  0.063  -1067.862  0.362
O96Cr1Ru43Mn1V3       -1093.093  -1103.656  0.334  -1099.251  0.055  -1107.860  0.387
O96Cr1Ru43Tc2Zn2      -1069.084  -1079.187  0.313  -1074.688  0.063  -1083.884  0.389
O96Cr1Ru44Co3         -1071.865  -1082.190  0.302  -1077.792  0.056  -1086.859  0.365
# 25Mn OH/O/OOH
O96Mn1Ru36Ga6V5       -1070.220  -1080.294  0.324  -1075.327  0.061  -1084.809  0.364
O96Mn1Ru36Sn6Nb5      -1077.691  -1088.179  0.336  -1082.843  0.058  -1092.724  0.390
O96Mn1Ru37Cu5V5       -1063.706  -1074.069  0.333  -1068.811  0.063  -1078.173  0.390
O96Mn1Ru37Ta6Sn4      -1108.998  -1119.560  0.324  -1114.275  0.050  -1123.442  0.350
O96Mn1Ru38Bi5Nb4      -1065.221  -1075.890  0.333  -1071.230  0.073  -1080.121  0.406
O96Mn1Ru38Bi6Ga3      -1025.025  -1035.330  0.347  -1030.033  0.052  -1040.038  0.348
O96Mn1Ru38Sn3Co6      -1051.924  -1061.928  0.322  -1056.675  0.065  -1066.888  0.399
O96Mn1Ru38Sn3Cu6      -1025.485  -1035.529  0.325  -1030.220  0.060  -1040.348  0.396
O96Mn1Ru38Ta4Co5      -1098.167  -1108.497  0.291  -1103.232 -0.011  -1112.878  0.401
O96Mn1Ru38Ta6Cu3      -1106.719  -1117.149  0.320  -1111.898  0.056  -1121.631  0.387
# 26Fe OH/O/OOH
O96Fe1Ru41Sn3Cu3      -1043.859  -1053.647  0.305  -1048.470  0.058  -1058.292  0.379
O96Fe1Ru43Ga3Ti1      -1066.039  -1075.961  0.314  -1070.692  0.018  -1080.567  0.372
O96Fe1Ru43In3Zr1      -1061.630  -1071.574  0.324  -1066.448  0.052  -1076.244  0.369
O96Fe1Ru43Tc2V2       -1089.302  -1099.401  0.306  -1094.274  0.056  -1103.624  0.336
O96Fe1Ru44Ga1Ni2      -1063.186  -1073.200  0.334  -1068.003  0.044  -1077.715  0.379
O96Fe1Ru44Sn1Ga2      -1063.829  -1073.633  0.341  -1068.468  0.051  -1078.392  0.373
O96Fe1Ru45Pd1Y1       -1073.194  -1083.133  0.325  -1078.036  0.047  -1087.910  0.391
O96Fe1Ru45Sn1Zr1      -1078.091  -1088.047  0.336  -1082.942  0.061  -1092.866  0.395
O96Fe1Ru46Ga1         -1071.735  -1081.684  0.325  -1076.540  0.019  -1086.309  0.380
# 27Co OH/O/OOH
O96Co1Ru42Cd3Mo2      -1055.511  -1065.575  0.334  -1060.542  0.050  -1070.433  0.415
O96Co1Ru42Y2Zn3       -1057.998  -1067.900  0.291  -1062.576  0.044  -1073.122  0.402
O96Co1Ru43In2Pd2      -1050.510  -1060.552  0.316  -1055.372  0.040  -1065.520  0.377
O96Co1Ru43Pd3Cr1      -1061.021  -1071.132  0.330  -1066.079  0.056  -1076.197  0.405
O96Co1Ru43Zn1Fe3      -1064.792  -1074.767  0.325  -1069.759  0.061  -1079.834  0.410
O96Co1Ru44Ni1Cr2      -1075.407  -1085.538  0.337  -1080.456  0.042  -1090.790  0.402
O96Co1Ru44Y3          -1080.215  -1090.240  0.299  -1085.016  0.040  -1095.523  0.387
O96Co1Ru45Ni2         -1066.637  -1076.718  0.315  -1071.584  0.054  -1081.679  0.400
O96Co1Ru46Pd1         -1068.889  -1079.019  0.305  -1073.914  0.053  -1084.069  0.414
# 28Ni OH/O/OOH
O96Ni1Ru41Cd3Co3      -1035.450  -1045.291  0.312  -1039.425  0.006  -1050.268  0.384
O96Ni1Ru41Mo3Ga3      -1070.732  -1080.697  0.316  -1074.841  0.043  -1086.234  0.392
O96Ni1Ru42Co3V2       -1073.869  -1083.883  0.310  -1078.324  0.013  -1088.941  0.382
O96Ni1Ru43In1Co3      -1059.812  -1069.455  0.326  -1063.626  0.008  -1074.607  0.396
O96Ni1Ru43Pd2Ti2      -1070.247  -1080.153  0.318  -1074.473  0.039  -1085.266  0.369
O96Ni1Ru43Sb2Cu2      -1050.215  -1060.039  0.311  -1054.425  0.039  -1065.095  0.389
O96Ni1Ru43Y1Sc3       -1084.742  -1094.757  0.333  -1089.148  0.049  -1099.611  0.406
O96Ni1Ru44Tc1Cu2      -1062.046  -1072.025  0.282  -1066.386  0.046  -1077.149  0.412
O96Ni1Ru45Cu2         -1059.113  -1069.027  0.317  -1063.399  0.046  -1074.171  0.390
O96Ni1Ru46Mo1         -1078.413  -1088.414  0.325  -1082.765  0.048  -1093.453  0.427
# 29Cu OH/O/OOH
O96Cu1Ru41Nb3Mn3      -1093.122  -1102.823  0.331  -1096.976  0.021  -1107.853  0.365
O96Cu1Ru41Sb3V3       -1069.222  -1078.870  0.338  -1072.943  0.011  -1083.922  0.382
O96Cu1Ru42Cd3Zr2      -1054.827  -1064.282  0.302  -1058.353  0.022  -1069.634  0.355
O96Cu1Ru42Pd2Mo3      -1073.346  -1083.119  0.305  -1077.080  0.021  -1088.330  0.391
O96Cu1Ru43Ag2Ga2      -1042.075  -1052.018  0.325  -1046.122  0.026  -1057.382  0.380
O96Cu1Ru43Pd3Ga1      -1048.789  -1058.460  0.326  -1052.511  0.025  -1063.575  0.360
O96Cu1Ru43Ti1Sc3      -1083.290  -1093.016  0.287  -1087.142  0.046  -1098.142  0.398
O96Cu1Ru44Ni1Sc2      -1070.986  -1080.765  0.311  -1074.839 -0.002  -1085.844  0.347
O96Cu1Ru45Sb1Mn1      -1068.778  -1078.026  0.298  -1072.108  0.023  -1083.442  0.316
O96Cu1Ru46In1         -1064.496  -1074.182  0.307  -1068.278  0.035  -1079.185  0.381
# 30Zn OH/O/OOH
O96Zn1Ru41Ga3Mn3      -1059.859  -1069.197  0.297  -1062.965 -0.015  -1074.680  0.327
O96Zn1Ru42Cd3Ge2      -1034.498  -1043.919  0.326  -1037.854 -0.002  -1049.581  0.371
O96Zn1Ru42Y3Ti2       -1087.216  -1096.596  0.319  -1090.390  0.010  -1101.929  0.365
O96Zn1Ru43Cd3Fe1      -1041.384  -1051.152  0.318  -1044.892  0.025  -1056.264  0.335
O96Zn1Ru43Nb2Ga2      -1072.214  -1081.646  0.297  -1075.488  0.026  -1086.651  0.359
O96Zn1Ru43Sb1Ga3      -1051.009  -1060.193  0.310  -1054.001  0.015  -1065.666  0.370
O96Zn1Ru45Rh1Co1      -1064.843  -1074.190  0.270  -1068.042 -0.019  -1079.457  0.328
O96Zn1Ru46Cu1         -1062.634  -1071.936  0.305  -1065.585  0.038  -1077.232  0.338
O96Zn1Ru46Pd1         -1064.067  -1073.408  0.317  -1067.250  0.018  -1078.658  0.327
# 31Ga OH/O/OOH
O96Ga1Ru41Cd3Zr3      -1061.694  -1071.500  0.288  -1065.651  0.049  -1076.601  0.326
O96Ga1Ru41Sn3V3       -1072.143  -1082.396  0.353  -1075.887  0.020  -1086.526  0.378
O96Ga1Ru42Co3Ti2      -1073.952  -1083.876  0.288  -1077.652  0.020  -1088.572  0.373
O96Ga1Ru42Rh3Ni2      -1056.680  -1066.512  0.312  -1060.136  0.006  -1071.361  0.385
O96Ga1Ru43In3Mn1      -1055.889  -1065.662  0.304  -1059.365  0.028  -1070.683  0.339
O96Ga1Ru43Pd3Ti1      -1060.503  -1070.311  0.318  -1064.064  0.020  -1075.113  0.319
O96Ga1Ru43Sn3Ag1      -1050.292  -1059.740  0.327  -1053.361  0.036  -1065.881  0.297
O96Ga1Ru44In1V2       -1075.342  -1085.498  0.304  -1079.217  0.025  -1090.007  0.362
O96Ga1Ru45Rh2         -1067.641  -1077.483  0.298  -1071.232 -0.000  -1082.244  0.356
O96Ga1Ru45Zn2         -1057.666  -1067.494  0.316  -1061.302  0.016  -1072.319  0.371
# 32Ge OH/O/OOH
O96Ge1Ru41Ag3Co3      -1037.081  -1047.318  0.296  -1041.352  0.037  -1051.743  0.352
O96Ge1Ru41In3V3       -1066.724  -1077.170  0.322  -1071.145  0.013  -1081.524  0.400
O96Ge1Ru42Ga3Fe2      -1057.711  -1068.059  0.281  -1062.047  0.011  -1072.403  0.375
O96Ge1Ru43Cd1Ga3      -1049.068  -1059.210  0.316  -1053.040 -0.020  -1064.052  0.335
O96Ge1Ru43Ni1Co3      -1062.606  -1072.782  0.321  -1066.751  0.035  -1077.468  0.372
O96Ge1Ru44Ag2V1       -1059.783  -1070.140  0.297  -1064.249  0.047  -1074.584  0.378
O96Ge1Ru44In1Cu2      -1052.643  -1062.932  0.350  -1056.744  0.037  -1067.508  0.361
O96Ge1Ru44Sb2Sn1      -1060.252  -1070.536  0.322  -1064.474  0.026  -1074.882  0.368
O96Ge1Ru44Y1V2        -1083.421  -1093.745  0.292  -1087.867  0.027  -1098.096  0.337
O96Ge1Ru45Zn1Mn1      -1066.794  -1077.078  0.319  -1071.061  0.046  -1081.416  0.350
# 39Y OH/O/OOH
O96Y1Ru41Ga3Mn3       -1071.747  -1081.882  0.308  -1075.400  0.015  -1086.489  0.354
O96Y1Ru41Pd3Nb3       -1079.396  -1090.043  0.260  -1083.383  0.021  -1093.982  0.355
O96Y1Ru42Ag3Nb2       -1065.146  -1075.369  0.322  -1069.483  0.028  -1080.116  0.387
O96Y1Ru42Zr3Fe2       -1096.758  -1106.932  0.290  -1100.294  0.021  -1111.464  0.382
O96Y1Ru43Cu1Ni3       -1060.248  -1070.520  0.302  -1063.710  0.025  -1075.457  0.337
O96Y1Ru43Sn3Mo1       -1071.499  -1081.665  0.289  -1075.060  0.022  -1086.422  0.357
O96Y1Ru44Cd2Zr1       -1067.653  -1078.082  0.304  -1071.361 -0.013  -1082.703  0.343
O96Y1Ru44Sb2Cd1       -1060.938  -1071.251  0.291  -1064.593  0.016  -1075.788  0.358
O96Y1Ru45Nb1Sc1       -1088.777  -1099.002  0.288  -1092.355  0.002  -1103.773  0.323
O96Y1Ru46Co1          -1078.224  -1088.560  0.269  -1081.755  0.031  -1093.073  0.371
# 40Zr OH/O/OOH
O96Zr1Ru41Ag3Sc3      -1062.034  -1072.745  0.309  -1066.764  0.047  -1076.635  0.322
O96Zr1Ru41Rh3Sc3      -1083.648  -1094.262  0.299  -1088.354  0.042  -1098.461  0.341
O96Zr1Ru41Sn3Sc3      -1078.648  -1089.130  0.305  -1083.169  0.066  -1093.156  0.351
O96Zr1Ru42Pd3Ni2      -1056.123  -1066.874  0.284  -1061.145  0.035  -1070.907  0.333
O96Zr1Ru43Sb2Ge2      -1066.607  -1077.341  0.288  -1071.596  0.038  -1081.352  0.313
O96Zr1Ru44Ge3         -1072.794  -1083.603  0.301  -1077.902  0.047  -1087.547  0.321
O96Zr1Ru44Zn3         -1059.616  -1070.419  0.301  -1064.670  0.027  -1074.450  0.343
O96Zr1Ru45Ag1Y1       -1076.336  -1087.235  0.272  -1081.529  0.041  -1091.275  0.347
O96Zr1Ru45Sb1Nb1      -1084.449  -1095.079  0.307  -1089.393  0.053  -1099.017  0.359
O96Zr1Ru46Cr1         -1085.341  -1096.145  0.311  -1090.444  0.037  -1100.154  0.345
# 41Nb OH/O/OOH
O96Nb1Ru41Ge3Cr3      -1078.955  -1089.886  0.284  -1085.365  0.064  -1094.063  0.375
O96Nb1Ru41Zn3Co3      -1048.656  -1059.569  0.319  -1054.862  0.061  -1063.573  0.380
O96Nb1Ru42In3Cd2      -1047.046  -1057.192  0.311  -1052.495  0.047  -1061.915  0.351
O96Nb1Ru43Ga2Co2      -1067.071  -1077.965  0.333  -1073.284  0.052  -1081.945  0.335
O96Nb1Ru43In2Rh2      -1064.422  -1075.139  0.322  -1070.258  0.047  -1079.196  0.366
O96Nb1Ru43Sb3Ti1      -1072.373  -1083.061  0.270  -1078.627  0.061  -1087.121  0.373
O96Nb1Ru43Y3V1        -1094.879  -1105.651  0.320  -1100.795  0.046  -1109.605  0.365
O96Nb1Ru44Cu3         -1062.703  -1073.347  0.302  -1068.570  0.060  -1077.587  0.367
O96Nb1Ru44Ni3         -1069.296  -1080.188  0.298  -1075.577  0.053  -1084.360  0.401
O96Nb1Ru45Zn2         -1067.115  -1077.965  0.314  -1073.323  0.070  -1082.042  0.397
# 42Mo OH/O/OOH
O96Mo1Ru41Sb3Ag3      -1040.556  -1051.488  0.323  -1046.973  0.062  -1055.747  0.401
O96Mo1Ru42Pd2Co3      -1063.057  -1073.985  0.306  -1069.647  0.077  -1078.216  0.408
O96Mo1Ru43Ge2Ni2      -1065.185  -1076.303  0.332  -1072.226  0.061  -1080.770  0.407
O96Mo1Ru43Sn3Ni1      -1064.055  -1074.802  0.338  -1070.740  0.059  -1079.382  0.437
O96Mo1Ru44Cd2Pd1      -1055.229  -1066.044  0.286  -1061.880  0.057  -1070.435  0.411
O96Mo1Ru44In3         -1062.198  -1073.076  0.312  -1068.764  0.065  -1077.755  0.425
O96Mo1Ru44Pd2Zn1      -1061.169  -1072.022  0.307  -1067.924  0.064  -1076.283  0.437
O96Mo1Ru44Sb3         -1068.023  -1079.094  0.324  -1074.836  0.065  -1083.483  0.438
O96Mo1Ru45Tc2         -1085.818  -1096.691  0.304  -1092.673  0.065  -1101.199  0.434
O96Mo1Ru46Co1         -1078.498  -1089.380  0.299  -1085.190  0.039  -1093.794  0.398
# 43Tc OH/O/OOH
O96Tc1Ru41Rh3Ge3      -1060.758  -1071.770  0.341  -1067.714  0.071  -1076.450  0.425
O96Tc1Ru42Cd2Fe3      -1058.679  -1069.388  0.310  -1065.210  0.073  -1074.553  0.436
O96Tc1Ru42Sb2Ti3      -1082.411  -1093.650  0.315  -1089.858  0.051  -1098.228  0.418
O96Tc1Ru43Mo1Ge3      -1073.013  -1083.995  0.333  -1079.963  0.079  -1088.233  0.410
O96Tc1Ru44Cd1Pd2      -1058.626  -1069.481  0.318  -1065.351  0.065  -1073.992  0.421
O96Tc1Ru44Pd1Cu2      -1058.879  -1069.795  0.339  -1065.690  0.061  -1074.311  0.437
O96Tc1Ru44Zn1Mn2      -1074.152  -1084.825  0.285  -1080.607  0.059  -1089.629  0.404
O96Tc1Ru45Nb1Sc1      -1086.673  -1097.514  0.326  -1093.433  0.064  -1102.093  0.402
O96Tc1Ru45Zr1Fe1      -1084.347  -1095.141  0.293  -1090.997  0.058  -1099.459  0.424
# 45Rh OH/O/OOH
O96Rh1Ru43Pd3Ga1      -1053.162  -1063.581  0.286  -1058.291  0.044  -1068.754  0.374
O96Rh1Ru43Sn2Zn2      -1049.275  -1059.784  0.325  -1054.441  0.039  -1064.664  0.404
O96Rh1Ru43Y3Ga1       -1077.299  -1087.910  0.327  -1082.736  0.040  -1092.991  0.367
O96Rh1Ru44Cd1V2       -1073.054  -1083.553  0.289  -1078.191  0.040  -1088.439  0.402
O96Rh1Ru44Mo1Nb2      -1089.178  -1099.678  0.286  -1094.354  0.061  -1104.599  0.395
O96Rh1Ru44Sb3         -1060.841  -1071.289  0.311  -1065.930  0.007  -1076.193  0.408
O96Rh1Ru45Ag1Ga1      -1059.456  -1069.960  0.331  -1064.633  0.045  -1075.278  0.382
O96Rh1Ru45Mo1Co1      -1077.218  -1087.761  0.329  -1082.374  0.037  -1092.829  0.355
O96Rh1Ru46Cu1         -1067.354  -1077.886  0.314  -1072.526  0.039  -1082.757  0.398
O96Rh1Ru46Sb1         -1070.362  -1080.789  0.309  -1075.430  0.041  -1085.635  0.395
# 46Pd OH/O/OOH
O96Pd1Ru43Ag3V1       -1048.509  -1058.546  0.283  -1052.750  0.020  -1063.631  0.400
O96Pd1Ru43Co3Sc1      -1067.263  -1077.126  0.339  -1071.226  0.015  -1082.566  0.393
O96Pd1Ru43Rh3Zn1      -1055.254  -1065.329  0.310  -1059.325  0.016  -1070.543  0.390
O96Pd1Ru43Y1V3        -1086.653  -1096.373  0.316  -1090.569  0.045  -1101.525  0.359
O96Pd1Ru44Cd2Zr1      -1059.219  -1069.084  0.306  -1063.286  0.004  -1074.388  0.368
O96Pd1Ru44Rh2V1       -1070.894  -1080.892  0.328  -1075.002  0.036  -1085.697  0.371
O96Pd1Ru44Sn2Nb1      -1068.962  -1079.042  0.337  -1073.078  0.018  -1084.191  0.414
O96Pd1Ru44Zr3         -1088.981  -1099.128  0.326  -1093.208  0.015  -1103.875  0.359
O96Pd1Ru45In2         -1058.684  -1068.634  0.314  -1062.807  0.032  -1073.821  0.402
O96Pd1Ru45Zr2         -1083.427  -1093.476  0.316  -1087.615  0.042  -1098.440  0.413
# 47Ag OH/O/OOH
O96Ag1Ru43Nb1Ni3      -1061.977  -1071.456  0.282  -1065.462 -0.006  -1076.830  0.340
O96Ag1Ru43Tc2Ti2      -1082.205  -1091.761  0.320  -1085.645  0.006  -1096.623  0.341
O96Ag1Ru44Cd2V1       -1053.875  -1063.277  0.327  -1057.172  0.009  -1068.379  0.347
O96Ag1Ru44Ge2Ti1      -1065.627  -1075.011  0.291  -1069.003  0.022  -1080.269  0.332
O96Ag1Ru44Sb2Tc1      -1062.196  -1071.662  0.304  -1065.498  0.028  -1076.891  0.333
O96Ag1Ru44Y1Sc2       -1075.920  -1085.281  0.285  -1079.380  0.013  -1090.898  0.361
O96Ag1Ru44Zr3         -1084.953  -1094.412  0.318  -1088.361  0.000  -1099.675  0.375
O96Ag1Ru45Nb1Ga1      -1068.898  -1078.321  0.276  -1072.320  0.027  -1083.668  0.337
O96Ag1Ru45Sn2         -1060.024  -1069.467  0.304  -1063.536 -0.002  -1074.768  0.332
O96Ag1Ru46Tc1         -1071.380  -1080.904  0.309  -1074.813  0.031  -1085.770  0.397
# 48Cd OH/O/OOH
O96Cd1Ru43Pd1Sc3      -1071.168  -1080.668  0.290  -1074.435 -0.015  -1086.006  0.358
O96Cd1Ru43Tc3Zn1      -1067.409  -1076.873  0.272  -1070.653  0.010  -1082.116  0.304
O96Cd1Ru44Ga1Ni2      -1054.142  -1063.626  0.304  -1057.163 -0.020  -1068.900  0.323
O96Cd1Ru44Tc3         -1076.213  -1085.969  0.246  -1079.695  0.010  -1090.585  0.366
O96Cd1Ru45Ag1Zr1      -1064.876  -1074.983  0.352  -1070.773  0.062  -1078.881  0.357
O96Cd1Ru45Pd2         -1057.638  -1066.993  0.308  -1060.756  0.009  -1072.346  0.352
O96Cd1Ru46In1         -1061.858  -1071.274  0.285  -1064.957  0.010  -1076.570  0.367
# 49In OH/O/OOH
O96In1Ru44V1Sc2       -1080.676  -1090.682  0.269  -1084.247  0.005  -1095.488  0.339
O96In1Ru45Mn1Cr1      -1075.915  -1085.683  0.274  -1079.253  0.007  -1090.799  0.349
O96In1Ru45Pd1Ga1      -1060.814  -1070.760  0.267  -1064.207 -0.010  -1075.440  0.382
O96In1Ru45Sb1Zn1      -1058.586  -1068.541  0.260  -1062.046  0.040  -1073.347  0.332
O96In1Ru45Sn1Ag1      -1056.909  -1066.853  0.289  -1060.278  0.016  -1071.654  0.362
O96In1Ru45Zn2         -1055.104  -1064.957  0.306  -1058.609  0.028  -1070.203  0.351
O96In1Ru46Cd1         -1062.511  -1072.274  0.303  -1065.693  0.031  -1077.298  0.373
O96In1Ru46Ga1         -1066.401  -1076.347  0.295  -1069.789  0.004  -1081.117  0.354
O96In1Ru46Nb1         -1076.348  -1086.297  0.280  -1079.741 -0.013  -1091.042  0.338
O96In1Ru46Rh1         -1068.814  -1078.758  0.257  -1072.197  0.019  -1083.450  0.343
O96In1Ru45Ag1Y1       -1063.472  -1073.508  0.296  -1066.850  0.026  -1077.998  0.355
O96In1Ru45Cu2         -1057.982  -1067.723  0.291  -1062.341  0.048  -1072.647  0.365
O96In1Ru45Fe1Sc1      -1073.410  -1083.235  0.301  -1076.952 -0.006  -1088.215  0.381
O96In1Ru45Mo1Cu1      -1069.115  -1079.150  0.308  -1072.585  0.006  -1083.897  0.379
O96In1Ru45Nb2         -1082.302  -1092.249  0.303  -1085.867  0.006  -1096.621  0.331
O96In1Ru45Rh1Mo1      -1072.813  -1082.766  0.258  -1076.201  0.003  -1087.449  0.342
O96In1Ru45Sn2         -1062.253  -1072.187  0.294  -1065.707  0.019  -1077.085  0.360
O96In1Ru45Zn1Cu1      -1056.008  -1065.919  0.303  -1059.606  0.004  -1070.725  0.331
# 50Sn OH/O/OOH
O96Sn1Ru44Ta2Cu1      -1084.194  -1094.724  0.319  -1088.401  0.012  -1098.819  0.338
O96Sn1Ru45Bi1Cu1      -1060.299  -1070.940  0.305  -1064.632  0.025  -1075.200  0.370
O96Sn1Ru45Bi1Mn1      -1067.730  -1078.299  0.313  -1072.052  0.012  -1082.736  0.408
O96Sn1Ru45Bi2         -1060.371  -1070.992  0.322  -1064.731  0.025  -1075.226  0.354
O96Sn1Ru45Ta1V1       -1086.011  -1096.519  0.309  -1090.243  0.031  -1100.565  0.319
O96Sn1Ru45Ta2         -1089.563  -1100.296  0.287  -1094.046  0.034  -1104.411  0.354
O96Sn1Ru46Mn1         -1074.476  -1084.966  0.315  -1078.629  0.028  -1089.187  0.348
O96Sn1Ru46Nb1         -1078.879  -1089.455  0.289  -1083.159  0.025  -1093.388  0.337
O96Sn1Ru46Ta1         -1081.575  -1092.143  0.270  -1085.838  0.030  -1096.345  0.342
# 51Sb OH/O/OOH
O96Sb1Ru43Zn2V2       -1064.863  -1075.594  0.325  -1069.698  0.028  -1079.231  0.367
O96Sb1Ru43Zr1Zn3      -1055.409  -1066.082  0.318  -1060.203  0.026  -1070.260  0.372
O96Sb1Ru44Ag2Cu1      -1048.835  -1059.327  0.296  -1053.478  0.040  -1063.759  0.389
O96Sb1Ru44In1Rh2      -1061.128  -1071.735  0.303  -1065.966  0.025  -1075.887  0.367
O96Sb1Ru44Pd2Y1       -1063.995  -1074.934  0.312  -1069.182  0.053  -1079.177  0.341
O96Sb1Ru44Sn1Pd2      -1056.862  -1067.616  0.322  -1061.799  0.050  -1071.661  0.401
O96Sb1Ru44Tc2Cu1      -1070.959  -1081.509  0.306  -1075.776  0.051  -1085.658  0.394
O96Sb1Ru45Cd2         -1053.941  -1064.540  0.335  -1058.807  0.024  -1068.899  0.384
O96Sb1Ru45Ga2         -1062.618  -1073.237  0.324  -1067.506  0.017  -1077.232  0.360
O96Sb1Ru45Y2          -1077.528  -1088.120  0.306  -1082.461  0.036  -1092.241  0.353
# 57La OH/O/OOH
O96La1Ru43Au2Pt2      -1050.512  -1061.016  0.293  -1054.688  0.036  -1065.565  0.346
O96La1Ru43Hg2Ge2      -1047.573  -1057.830  0.287  -1051.437  0.024  -1062.365  0.386
O96La1Ru45Hg1Ag1      -1057.975  -1068.402  0.304  -1062.016  0.013  -1072.961  0.404
O96La1Ru45Pb1Hg1      -1060.261  -1070.849  0.256  -1064.601  0.032  -1075.189  0.368
# 72Hf OH/O/OOH
O96Hf1Ru42Pd3Sc2      -1072.514  -1083.378  0.298  -1077.149  0.042  -1087.389  0.370
O96Hf1Ru42Po2Sb3      -1056.723  -1067.372  0.289  -1061.385  0.033  -1071.262  0.314
O96Hf1Ru43Cd3Ni1      -1053.050  -1063.255  0.301  -1057.729  0.060  -1067.978  0.334
O96Hf1Ru43Re1Sn3      -1075.953  -1086.559  0.284  -1080.564  0.025  -1090.723  0.325
O96Hf1Ru44Bi1Sc2      -1083.240  -1093.668  0.304  -1087.551  0.050  -1097.966  0.353
O96Hf1Ru44Cd2Sc1      -1068.236  -1079.175  0.314  -1073.125  0.033  -1083.221  0.346
O96Hf1Ru44Sb2Sc1      -1078.222  -1089.152  0.296  -1083.088  0.030  -1093.038  0.361
O96Hf1Ru45Ir2         -1081.808  -1092.776  0.307  -1086.764  0.042  -1096.688  0.365
O96Hf1Ru45Po1Tl1      -1068.227  -1079.082  0.293  -1073.327  0.053  -1083.106  0.384
O96Hf1Ru45W1Mn1       -1092.562  -1103.448  0.262  -1097.400  0.068  -1107.504  0.379
# 73Ta OH/O/OOH
O96Ta1Ru43Ag1Mo3      -1090.690  -1101.929  0.276  -1097.131  0.054  -1105.801  0.367
O96Ta1Ru43Ge1Mn3      -1085.750  -1096.961  0.306  -1092.184  0.049  -1100.866  0.370
O96Ta1Ru43Pb1Ge3      -1068.132  -1079.303  0.306  -1074.360  0.036  -1083.213  0.381
O96Ta1Ru44Hf3         -1106.199  -1117.214  0.290  -1112.510  0.054  -1121.358  0.384
O96Ta1Ru44Sn1Fe2      -1079.066  -1090.164  0.277  -1085.239  0.049  -1094.109  0.371
O96Ta1Ru45Nb1Ni1      -1087.231  -1098.190  0.304  -1093.177  0.059  -1102.174  0.368
O96Ta1Ru46Pb1         -1077.622  -1088.362  0.338  -1083.522  0.060  -1092.424  0.365
# 74W OH/O/OOH
O96W1Ru42Po3Nb2       -1071.320  -1082.665  0.331  -1078.503  0.059  -1086.756  0.424
O96W1Ru42Ta3Ag2       -1090.341  -1101.445  0.307  -1097.181  0.082  -1105.879  0.426
O96W1Ru43Os2Re2       -1094.513  -1106.024  0.290  -1101.896  0.078  -1110.153  0.406
O96W1Ru43Ta2V2        -1106.623  -1117.882  0.319  -1113.743  0.071  -1122.135  0.392
O96W1Ru44Ag2Fe1       -1064.368  -1075.572  0.342  -1071.121  0.058  -1079.546  0.388
O96W1Ru44Hf2Cd1       -1088.482  -1099.918  0.320  -1095.646  0.069  -1104.012  0.425
O96W1Ru44Os1Cu2       -1071.674  -1082.972  0.307  -1078.699  0.064  -1087.169  0.407
O96W1Ru44Tl2Ir1       -1057.639  -1068.993  0.308  -1064.763  0.072  -1073.216  0.403
O96W1Ru45Po2          -1066.232  -1077.442  0.309  -1073.182  0.065  -1081.643  0.409
O96W1Ru46Cd1          -1073.850  -1084.938  0.289  -1080.485  0.059  -1089.081  0.397
# 75Re OH/O/OOH
O96Re1Ru43Mo2Y2       -1096.507  -1107.594  0.332  -1103.463  0.077  -1112.115  0.426
O96Re1Ru43Zn1Mn3      -1077.063  -1089.145  0.317  -1085.011  0.070  -1093.621  0.417
O96Re1Ru45Ga2         -1071.987  -1083.165  0.344  -1079.079  0.070  -1087.537  0.393
O96Re1Ru45Po1Co1      -1071.554  -1082.819  0.311  -1078.809  0.063  -1087.072  0.402
O96Re1Ru46Au1         -1072.708  -1083.763  0.322  -1079.604  0.068  -1088.046  0.417
O96Re1Ru46Po1         -1073.824  -1085.055  0.316  -1080.963  0.067  -1089.456  0.432
# 76Os OH/O/OOH
O96Os1Ru42Zr2Zn3      -1064.842  -1076.029  0.333  -1071.817  0.043  -1080.928  0.430
O96Os1Ru43Ag3Zn1      -1042.932  -1054.143  0.327  -1050.008  0.058  -1059.156  0.426
O96Os1Ru43Ir3Ge1      -1070.552  -1082.020  0.332  -1077.658  0.068  -1086.325  0.354
O96Os1Ru43Rh3Nb1      -1075.955  -1087.346  0.330  -1082.971  0.059  -1091.712  0.391
O96Os1Ru43Zn2Ti2      -1070.701  -1081.979  0.345  -1077.648  0.064  -1086.344  0.349
O96Os1Ru44Co3         -1070.348  -1081.724  0.336  -1077.362  0.075  -1086.081  0.371
O96Os1Ru45Po1Ir1      -1069.961  -1081.371  0.328  -1076.974  0.060  -1085.647  0.357
O96Os1Ru46Pt1         -1073.332  -1084.701  0.338  -1080.337  0.058  -1089.049  0.387
# 77Ir OH/O/OOH
O96Ir1Ru43Hf1Sc3      -1090.990  -1102.219  0.322  -1097.196  0.021  -1106.658  0.379
O96Ir1Ru43Nb3Sc1      -1093.547  -1104.653  0.335  -1099.465  0.050  -1109.256  0.398
O96Ir1Ru43Tc2Zr2      -1091.716  -1102.800  0.291  -1097.747  0.057  -1106.989  0.332
O96Ir1Ru43Zn3Cr1      -1054.963  -1065.730  0.327  -1060.652  0.060  -1070.735  0.397
O96Ir1Ru44Po1Cr2      -1073.840  -1084.833  0.331  -1079.846  0.049  -1089.471  0.370
O96Ir1Ru44Y1Ga2       -1067.472  -1078.508  0.338  -1073.546  0.056  -1083.087  0.382
O96Ir1Ru45Bi1Zr1      -1075.943  -1087.069  0.319  -1082.062  0.047  -1091.727  0.374
O96Ir1Ru46Rh1         -1072.596  -1083.688  0.330  -1078.562  0.039  -1088.262  0.368
# 78Pt OH/O/OOH
O96Pt1Ru42Zn3V2       -1057.271  -1067.642  0.311  -1061.931  0.017  -1072.467  0.411
O96Pt1Ru43Bi1Ga3      -1050.699  -1061.595  0.335  -1055.827  0.037  -1066.590  0.383
O96Pt1Ru43Pb1V3       -1078.326  -1089.003  0.352  -1083.224  0.039  -1093.633  0.420
O96Pt1Ru43W2Cr2       -1093.458  -1104.043  0.323  -1098.329  0.047  -1108.800  0.417
O96Pt1Ru44Cd1Ag2      -1045.402  -1055.754  0.334  -1049.982  0.041  -1060.511  0.375
O96Pt1Ru44Os2La1      -1076.976  -1087.893  0.335  -1082.597  0.057  -1092.606  0.388
O96Pt1Ru44Pd1Co2      -1061.295  -1071.889  0.320  -1066.201  0.047  -1077.034  0.409
O96Pt1Ru45Ag1Ni1      -1057.988  -1068.487  0.315  -1062.988  0.031  -1073.304  0.380
O96Pt1Ru45La1Tc1      -1075.542  -1086.164  0.344  -1080.814  0.062  -1090.731  0.413
O96Pt1Ru46Mo1         -1077.598  -1088.302  0.348  -1082.512  0.050  -1093.002  0.401
# 79Au OH/O/OOH
O96Au1Ru43Ag1Rh3      -1052.616  -1062.589  0.327  -1056.588  0.025  -1067.483  0.380
O96Au1Ru43La3Rh1      -1061.093  -1071.597  0.341  -1066.055  0.038  -1076.178  0.392
O96Au1Ru43Mo2Cu2      -1064.260  -1073.961  0.321  -1069.203  0.072  -1078.109  0.317
O96Au1Ru43Tl3Ag1      -1026.611  -1036.369  0.298  -1030.257  0.022  -1041.184  0.364
O96Au1Ru43W3Fe1       -1090.389  -1100.139  0.303  -1094.081  0.041  -1104.937  0.362
O96Au1Ru45Ir2         -1066.229  -1075.930  0.315  -1069.936  0.025  -1080.812  0.359
O96Au1Ru45Pb1Ag1      -1049.303  -1059.167  0.314  -1053.343 -0.004  -1064.093  0.383
O96Au1Ru46Co1         -1066.606  -1076.254  0.302  -1070.352 -0.009  -1081.211  0.401
O96Au1Ru46Rh1         -1065.851  -1075.493  0.308  -1069.568  0.030  -1080.400  0.372
# 80Hg OH/O/OOH
O96Hg1Ru43Re2Zr2      -1086.059  -1095.335  0.315  -1089.163  0.009  -1100.684  0.357
O96Hg1Ru44In3         -1046.684  -1055.961  0.315  -1049.542  0.018  -1061.259  0.351
O96Hg1Ru44Rh2Ge1      -1057.469  -1067.590  0.315  -1063.173  0.062  -1072.238  0.332
O96Hg1Ru45Cu1Fe1      -1058.560  -1068.401  0.313  -1064.126  0.061  -1073.086  0.341
O96Hg1Ru45Pb1Cd1      -1050.374  -1060.083  0.309  -1054.506  0.038  -1064.870  0.358
O96Hg1Ru45Tl2         -1047.800  -1057.631  0.325  -1052.604  0.051  -1062.339  0.333
O96Hg1Ru46Po1         -1058.488  -1067.953  0.302  -1061.731  0.021  -1073.137  0.338
# 81Tl
O96Tl1Ru43Bi3Fe1      -1051.277  -1060.320  0.265  -1054.100  0.005  -1065.321  0.333
O96Tl1Ru43Ge2Zn2      -1046.818  -1055.843  0.269  -1049.601  0.007  -1061.484  0.366
O96Tl1Ru43Os1Nb3      -1086.702  -1095.642  0.265  -1089.413  0.017  -1101.376  0.352
O96Tl1Ru43Sn1Tc3      -1072.666  -1081.583  0.260  -1075.388 -0.024  -1087.149  0.338
O96Tl1Ru44Au2Ta1      -1060.912  -1070.145  0.282  -1063.688  0.009  -1075.114  0.356
O96Tl1Ru44Po1Zn2      -1045.725  -1054.855  0.295  -1048.589  0.011  -1060.300  0.351
O96Tl1Ru45Mo1Cu1      -1067.727  -1076.721  0.302  -1070.504  0.010  -1082.095  0.342
O96Tl1Ru46Cu1         -1062.999  -1071.961  0.274  -1065.747 -0.014  -1077.562  0.296
O96Tl1Ru46Ni1         -1065.188  -1074.318  0.269  -1068.048 -0.017  -1079.632  0.352
# 82Pb
O96Pb1Ru43Mo1Zn3      -1052.771  -1062.399  0.263  -1056.169 -0.009  -1067.776  0.370
O96Pb1Ru43Pt1Cr3      -1074.412  -1083.985  0.305  -1077.873  0.009  -1088.877  0.341
O96Pb1Ru44Cd2V1       -1058.626  -1068.156  0.275  -1062.023  0.010  -1072.983  0.323
O96Pb1Ru44Mn3         -1076.679  -1086.253  0.303  -1080.106  0.020  -1091.181  0.335
O96Pb1Ru44Nb2Ni1      -1078.811  -1088.322  0.288  -1082.190  0.007  -1093.279  0.347
O96Pb1Ru45Co2         -1066.896  -1076.458  0.305  -1070.351  0.026  -1081.448  0.331
O96Pb1Ru45Re1Ga1      -1071.856  -1081.461  0.266  -1075.376 -0.007  -1086.339  0.337
O96Pb1Ru46Cd1         -1062.609  -1072.175  0.290  -1066.076 -0.010  -1076.954  0.320
O96Pb1Ru46Sb1         -1067.206  -1076.791  0.263  -1070.680  0.009  -1081.720  0.361
# 83Bi
O96Bi1Ru43Ge1Mn3      -1073.975  -1083.885  0.285  -1078.031  0.029  -1088.483  0.345
O96Bi1Ru43Nb1Ga3      -1062.153  -1072.344  0.313  -1066.552  0.028  -1076.708  0.348
O96Bi1Ru43Re1Y3       -1084.784  -1094.614  0.304  -1090.376  0.060  -1099.471  0.365
O96Bi1Ru44Nb2Ni1      -1077.850  -1087.878  0.318  -1082.072  0.024  -1092.427  0.357
O96Bi1Ru44Re2Tc1      -1084.300  -1094.417  0.262  -1088.839  0.009  -1098.842  0.324
O96Bi1Ru45Ta2         -1088.356  -1098.322  0.313  -1092.591  0.027  -1102.852  0.363
O96Bi1Ru46Ir1         -1070.871  -1080.840  0.247  -1075.092  0.024  -1085.349  0.366
O96Bi1Ru46Pb1         -1065.484  -1075.745  0.277  -1069.954  0.032  -1080.027  0.376
# 84Po
O96Po1Ru44Au1Sb2      -1053.265  -1063.350  0.284  -1058.280 -0.007  -1067.852  0.342
O96Po1Ru44Cr3         -1078.111  -1088.501  0.298  -1083.349  0.048  -1092.690  0.364
O96Po1Ru44In1Co2      -1059.781  -1070.003  0.304  -1064.670  0.039  -1074.434  0.362
O96Po1Ru44Mo1V2       -1082.771  -1093.397  0.303  -1088.255  0.046  -1097.268  0.346
O96Po1Ru44W2Fe1       -1084.697  -1095.109  0.300  -1090.132 -0.005  -1098.887  0.329
O96Po1Ru45Ag2         -1051.501  -1061.511  0.279  -1056.229  0.042  -1066.068  0.340
O96Po1Ru45Ir1Ni1      -1064.921  -1075.162  0.241  -1070.025  0.045  -1079.481  0.345
O96Po1Ru45La2         -1069.771  -1079.992  0.310  -1074.787  0.040  -1084.319  0.377
O96Po1Ru45Zr2         -1080.843  -1091.061  0.275  -1085.907  0.041  -1095.345  0.337
O96Po1Ru46Cd1         -1060.795  -1070.906  0.244  -1065.656  0.013  -1075.415  0.340
# 44Ru/Ru1 OH/O/OOH
O96Ru42Ag3Ga2Co1      -1036.748  -1047.613  0.324  -1042.791  0.051  -1052.204  0.355
O96Ru42Ga2Ti4         -1084.580  -1095.183  0.323  -1090.492  0.059  -1099.826  0.392
O96Ru42Ge2Zn4         -1038.135  -1048.817  0.316  -1044.240  0.064  -1053.479  0.393
O96Ru42Ge3Mn1Cr2      -1072.004  -1082.850  0.324  -1078.075  0.066  -1087.418  0.380
O96Ru42Ge5Ga1         -1052.982  -1063.854  0.330  -1059.149  0.056  -1068.485  0.397
O96Ru42In2Y1Sc3       -1064.040  -1074.789  0.324  -1070.042  0.074  -1079.426  0.391
O96Ru42In4Cd1Zn1      -1030.090  -1040.853  0.329  -1036.216  0.061  -1045.579  0.411
O96Ru42In4Nb1Ga1      -1048.751  -1059.603  0.325  -1054.764  0.056  -1064.206  0.398
O96Ru42In4Zr2         -1055.730  -1066.405  0.345  -1061.694  0.061  -1071.090  0.396
O96Ru42Mn5V1          -1088.051  -1098.815  0.329  -1094.063  0.058  -1103.630  0.376
# Ru2 OH/O/OOH
O96Ru42Mo3Co2Fe1      -1084.268  -1095.093  0.329  -1090.265  0.055  -1099.630  0.357
O96Ru42Mo3Ge1Ga2      -1078.579  -1089.476  0.327  -1084.649  0.065  -1093.952  0.346
O96Ru42Nb2Cu1Ni3      -1066.232  -1077.135  0.316  -1072.401  0.035  -1081.527  0.343
O96Ru42Ni2Cr4         -1078.001  -1088.853  0.294  -1084.135  0.065  -1093.393  0.364
O96Ru42Ni4Sc2         -1062.024  -1072.803  0.332  -1068.082  0.050  -1077.431  0.373
O96Ru42Pd2Ge1Co3      -1053.900  -1064.670  0.315  -1059.918  0.043  -1069.504  0.356
O96Ru42Pd2Mn3V1       -1073.993  -1084.732  0.325  -1080.060  0.061  -1089.578  0.357
O96Ru42Pd5Co1         -1047.047  -1057.795  0.352  -1053.022  0.047  -1062.479  0.387
O96Ru42Rh2Mn1V3       -1084.059  -1094.859  0.343  -1090.076  0.054  -1099.450  0.383
O96Ru42Rh4Tc1Ni1      -1064.412  -1075.280  0.325  -1070.585  0.050  -1080.079  0.369
# Ru3 OH/O/OOH
O96Ru42Sb2In2Nb2      -1062.965  -1073.792  0.344  -1069.098  0.060  -1078.351  0.382
O96Ru42Sb2Pd2Co2      -1052.767  -1063.510  0.336  -1058.752  0.065  -1068.131  0.392
O96Ru42Sb3Ag1Rh2      -1049.164  -1059.807  0.324  -1055.013  0.044  -1064.426  0.388
O96Ru42Sb3Zr2V1       -1077.140  -1087.912  0.326  -1083.198  0.053  -1092.528  0.380
O96Ru42Sb4Sn2         -1049.074  -1059.723  0.315  -1054.839  0.058  -1064.352  0.384
O96Ru42Sn2In2Ge2      -1044.398  -1055.219  0.324  -1050.431  0.034  -1059.746  0.383
O96Ru42Sn2In4         -1039.091  -1049.860  0.337  -1045.086  0.062  -1054.645  0.367
O96Ru42Sn3Ga1Co2      -1053.704  -1064.436  0.324  -1059.712  0.053  -1068.970  0.351
O96Ru42Sn3Pd3         -1046.769  -1057.634  0.312  -1052.867  0.052  -1062.224  0.383
O96Ru42Sn4Cd1Co1      -1044.543  -1055.225  0.328  -1050.539  0.063  -1060.482  0.392
# Ru4 OH/O/OOH
O96Ru42Sn4Zr1Cu1      -1058.247  -1068.923  0.327  -1064.289  0.066  -1073.538  0.372
O96Ru43Cd4Ge1         -1036.319  -1047.085  0.332  -1042.516  0.069  -1051.619  0.395
O96Ru43Fe2Ti3         -1088.254  -1099.067  0.333  -1094.178  0.062  -1103.655  0.393
O96Ru43In2Nb2Fe1      -1074.373  -1085.074  0.324  -1080.419  0.063  -1089.766  0.389
O96Ru43Nb2Ga3         -1072.204  -1083.003  0.329  -1078.329  0.057  -1087.593  0.382
O96Ru43Pd2Mo2Zn1      -1065.488  -1076.365  0.333  -1071.656  0.053  -1080.983  0.383
O96Ru43Sb2Ag3         -1037.957  -1048.674  0.302  -1043.836  0.063  -1053.330  0.359
O96Ru43Sb2In3         -1043.950  -1054.740  0.326  -1049.981  0.055  -1059.318  0.367
O96Ru43Y3Ga1Ti1       -1080.994  -1091.907  0.318  -1087.110  0.055  -1096.397  0.379
O96Ru43Zn3Ni2         -1043.501  -1054.286  0.309  -1049.542  0.064  -1058.928  0.381
# Ru5 OH/O/OOH
O96Ru43Zr4Mn1         -1099.516  -1110.142  0.325  -1105.428  0.076  -1114.841  0.403
O96Ru44Ag3Rh1         -1044.889  -1055.699  0.314  -1050.930  0.052  -1060.210  0.355
O96Ru44Ga2Co2         -1061.918  -1072.697  0.322  -1067.891  0.054  -1077.241  0.364
O96Ru44Ga4            -1056.274  -1067.047  0.325  -1062.330  0.061  -1071.613  0.373
O96Ru44Mn2Sc2         -1085.364  -1096.121  0.321  -1091.534  0.063  -1100.864  0.382
O96Ru44Nb3Ti1         -1096.974  -1107.796  0.332  -1103.029  0.050  -1112.365  0.358
O96Ru44Rh4            -1066.655  -1077.472  0.328  -1072.719  0.061  -1082.035  0.371
O96Ru44Sn2Cd1Zn1      -1050.199  -1061.100  0.293  -1056.589  0.040  -1065.729  0.410
O96Ru44Tc2Ga2         -1072.203  -1083.058  0.341  -1078.298  0.040  -1087.640  0.354
O96Ru45Ag2Pd1         -1050.008  -1060.825  0.341  -1056.071  0.060  -1065.428  0.397
# Ru6 OH/O/OOH
O96Ru38Co2Nb3Sn5      -1064.103  -1074.967  0.323  -1070.269  0.066  -1079.317  0.381
O96Ru38Cu5Nb2Sn3      -1040.535  -1051.173  0.328  -1046.480  0.055  -1055.982  0.393
O96Ru38Nb6Ta4         -1137.927  -1148.718  0.332  -1143.995  0.053  -1153.409  0.364
O96Ru38Sn4Bi6         -1011.972  -1022.853  0.334  -1018.048  0.049  -1027.449  0.389
O96Ru38V2Ga6Sn2       -1045.576  -1056.316  0.336  -1051.539  0.059  -1060.895  0.386
O96Ru38V5Nb5          -1121.220  -1132.046  0.332  -1127.292  0.056  -1136.631  0.364
O96Ru38V6Sn2Bi2       -1075.679  -1086.427  0.336  -1081.678  0.060  -1090.743  0.390
O96Ru39Cu4Ga2Sn3      -1024.407  -1035.185  0.326  -1030.408  0.056  -1039.723  0.394
O96Ru39Cu5Ga2Ta2      -1049.175  -1059.950  0.321  -1055.191  0.044  -1064.515  0.377
O96Ru39Cu5Nb4         -1067.334  -1077.786  0.312  -1073.081  0.062  -1082.276  0.417
# Ru7 OH/O/OOH
O96Ru39Cu5Sn4         -1022.759  -1033.524  0.338  -1028.798  0.062  -1038.139  0.366
O96Ru39Cu6Bi3         -1016.558  -1027.109  0.329  -1022.418  0.062  -1032.195  0.402
O96Ru39Mn3Co6         -1065.591  -1076.392  0.328  -1071.567  0.071  -1081.251  0.368
O96Ru39Mn3Cu6         -1042.964  -1053.546  0.344  -1048.876  0.054  -1058.477  0.401
O96Ru39Mn3Ga3Nb3      -1084.368  -1095.174  0.327  -1090.428  0.051  -1099.872  0.401
O96Ru39Nb2Sn4Bi3      -1043.797  -1054.620  0.326  -1049.867  0.064  -1059.061  0.395
O96Ru39Nb4Ta2Bi3      -1092.328  -1103.448  0.331  -1098.839  0.042  -1108.049  0.392
O96Ru39V2Co5Ga2       -1062.234  -1073.082  0.323  -1068.253  0.077  -1077.563  0.368
O96Ru40Cu3Ga5         -1031.400  -1041.939  0.337  -1037.237  0.061  -1046.661  0.354
O96Ru40Cu8            -1020.812  -1031.621  0.344  -1026.881  0.052  -1036.156  0.372
# Ru8 OH/O/OOH
O96Ru40Mn2Nb4Bi2      -1086.249  -1097.023  0.306  -1092.317  0.061  -1101.845  0.361
O96Ru40Mn4Nb4         -1103.331  -1114.075  0.336  -1109.417  0.054  -1118.700  0.385
O96Ru40Mn4Sn4         -1063.565  -1074.366  0.326  -1069.596  0.067  -1078.922  0.377
O96Ru40Nb3Sn5         -1070.223  -1080.829  0.324  -1076.028  0.066  -1085.521  0.368
O96Ru40Sn5Ta3         -1075.960  -1086.922  0.312  -1082.300  0.065  -1091.553  0.380
O96Ru40V2Nb4Sn2       -1095.090  -1105.937  0.319  -1101.235  0.045  -1110.533  0.382
O96Ru40V4Nb2Ta2       -1118.139  -1129.159  0.302  -1124.439  0.065  -1133.756  0.362
O96Ru40V6Mn2          -1102.592  -1113.320  0.338  -1108.629  0.052  -1117.745  0.413
O96Ru41Co7            -1060.543  -1071.327  0.328  -1066.636  0.069  -1075.975  0.369
O96Ru41Ga3Nb4         -1081.570  -1092.357  0.323  -1087.616  0.054  -1097.277  0.391
# Ru9 OH/O/OOH
O96Ru41Ga7            -1045.097  -1055.735  0.338  -1051.039  0.045  -1060.334  0.382
O96Ru41Mn3Ta4         -1114.223  -1125.063  0.337  -1120.237  0.063  -1129.695  0.390
O96Ru41Sn7            -1043.046  -1053.841  0.305  -1049.197  0.053  -1058.559  0.396
O96Ru41V2Cu3Ta2       -1079.727  -1090.637  0.345  -1085.765  0.046  -1095.137  0.356
O96Ru41V3Ga4          -1067.994  -1078.745  0.321  -1074.038  0.060  -1083.742  0.413
O96Ru41V3Sn4          -1069.180  -1080.083  0.332  -1075.473  0.074  -1084.456  0.383
O96Ru42Co3Cu3         -1048.824  -1059.444  0.341  -1054.797  0.057  -1064.135  0.405
O96Ru42Ga3Ta3         -1086.088  -1096.685  0.355  -1092.043  0.057  -1101.301  0.374
O96Ru42Mn2Ga4         -1059.527  -1070.300  0.324  -1065.524  0.050  -1075.328  0.377
O96Ru42Mn6            -1085.701  -1096.560  0.324  -1091.786  0.066  -1101.101  0.392
# Ru10 OH/O/OOH
O96Ru42Nb6            -1107.035  -1117.822  0.335  -1113.475  0.047  -1122.414  0.382
O96Ru42V4Ta2          -1107.728  -1118.570  0.339  -1113.835  0.069  -1122.836  0.378
O96Ru43Bi5            -1039.654  -1050.531  0.332  -1045.767  0.054  -1054.986  0.355
O96Ru43Co3Ta2         -1084.463  -1095.435  0.317  -1090.869  0.073  -1100.420  0.410
O96Ru43Ga3Sn2         -1054.236  -1064.891  0.345  -1060.213  0.064  -1069.398  0.383
O96Ru44Co2Ga2         -1062.122  -1072.932  0.312  -1068.262  0.064  -1077.547  0.373
O96Ru44Mn2Bi2         -1065.965  -1076.813  0.334  -1072.012  0.047  -1081.361  0.384
O96Ru44Ta4            -1108.871  -1119.813  0.328  -1114.961  0.065  -1124.104  0.338
O96Ru44V2Cu2          -1070.428  -1081.229  0.311  -1076.484  0.055  -1085.777  0.363
O96Ru44V4             -1091.275  -1102.072  0.323  -1097.352  0.065  -1106.686  0.393
# Ru11 OH/O/OOH
O96Ru43Au2Hf1Zr2      -1075.595  -1086.331  0.329  -1081.783  0.060  -1091.332  0.431
O96Ru43Au2Zr3         -1072.803  -1083.626  0.316  -1078.931  0.047  -1088.295  0.384
O96Ru43Hf2Ag1Ga2      -1070.287  -1081.281  0.316  -1076.502  0.033  -1085.848  0.363
O96Ru43Hf2Ge2Co1      -1079.987  -1090.830  0.327  -1086.092  0.016  -1095.371  0.339
O96Ru43Hf3Zn2         -1081.323  -1092.032  0.308  -1087.319  0.062  -1096.740  0.394
O96Ru43Hf4Y1          -1106.513  -1117.114  0.322  -1112.410  0.054  -1122.171  0.412
O96Ru43Hg2Sn1Ga2      -1037.411  -1048.262  0.341  -1043.434  0.060  -1053.018  0.416
O96Ru43Hg4Sn1         -1016.240  -1027.125  0.330  -1022.368  0.063  -1031.674  0.349
O96Ru43Ir2Sb3         -1060.237  -1071.225  0.322  -1066.622  0.054  -1075.884  0.396
# Ru12 OH/O/OOH
O96Ru43Ir3Zr2         -1082.571  -1093.425  0.346  -1088.686  0.056  -1098.015  0.364
O96Ru43La4Sb1         -1055.977  -1067.005  0.325  -1062.189  0.052  -1071.454  0.400
O96Ru43Os3Re2         -1088.734  -1099.589  0.323  -1094.856  0.046  -1104.159  0.375
O96Ru43Os4W1          -1088.235  -1099.071  0.304  -1094.328  0.053  -1103.665  0.394
O96Ru43Pb2Nb2Zr1      -1075.440  -1086.245  0.332  -1081.507  0.060  -1090.522  0.369
O96Ru43Po3Bi1Mn1      -1046.800  -1057.873  0.325  -1053.247  0.060  -1062.328  0.360
O96Ru43Po3Tl2         -1020.001  -1030.949  0.344  -1026.345  0.061  -1035.582  0.377
O96Ru43Pt2Cd1Ag2      -1035.677  -1046.532  0.337  -1041.771  0.058  -1051.058  0.379
O96Ru43Pt2Hf3         -1087.890  -1098.702  0.290  -1093.920  0.052  -1103.306  0.379
# Ru13 OH/O/OOH
O96Ru43Pt2Rh2Sc1      -1064.488  -1075.357  0.341  -1070.601  0.040  -1079.899  0.367
O96Ru43Pt4Re1         -1061.758  -1072.684  0.331  -1067.885  0.056  -1077.313  0.393
O96Ru43Re3Co2         -1084.526  -1095.458  0.311  -1090.785  0.043  -1100.065  0.397
O96Ru43Sb2Pd2Cu1      -1048.605  -1059.390  0.303  -1054.607  0.058  -1064.032  0.388
O96Ru43Tl2Tc3         -1063.822  -1074.266  0.305  -1069.558  0.047  -1079.121  0.370
O96Ru43W2Cu3          -1070.930  -1081.804  0.338  -1077.053  0.062  -1086.412  0.400
O96Ru43W4Rh1          -1099.779  -1110.638  0.315  -1105.885  0.052  -1115.158  0.000
O96Ru44Au2Re1Co1      -1059.670  -1070.506  0.307  -1065.989  0.060  -1075.499  0.432
# Ru14 OH/O/OOH
O96Ru44Bi2Os1Ta1      -1068.711  -1079.561  0.321  -1074.795  0.067  -1084.135  0.379
O96Ru44Hf2Co1Ti1      -1092.400  -1103.364  0.321  -1098.639  0.051  -1107.728  0.366
O96Ru44Hf2Sn1Zn1      -1079.637  -1090.502  0.311  -1085.862  0.053  -1095.188  0.408
O96Ru44Ir2Os1Ag1      -1066.184  -1077.020  0.342  -1072.272  0.033  -1081.628  0.398
O96Ru44Ir3Pd1         -1066.757  -1077.578  0.318  -1072.822  0.060  -1082.179  0.365
O96Ru44La2Sn1Co1      -1060.780  -1071.597  0.311  -1066.840  0.060  -1076.219  0.392
O96Ru44La3Sn1         -1073.126  -1083.978  0.330  -1079.137  0.057  -1088.646  0.397
O96Ru44Pb2Mo2         -1069.188  -1080.062  0.313  -1075.290  0.032  -1084.566  0.385
O96Ru44Pb3Re1         -1058.652  -1069.474  0.317  -1064.713  0.062  -1074.076  0.358
O96Ru44Po2Hg1In1      -1033.960  -1044.788  0.314  -1040.042  0.061  -1049.341  0.386
# Ru15 OH/O/OOH
O96Ru44Po2Tc2         -1064.630  -1075.466  0.324  -1070.686  0.060  -1079.995  0.360
O96Ru44Re3Ag1         -1080.535  -1091.359  0.316  -1086.831  0.060  -1096.022  0.402
O96Ru44Sb2Sn1Ga1      -1057.332  -1068.310  0.324  -1063.766  0.050  -1072.976  0.356
O96Ru44Ta3La1         -1094.509  -1105.352  0.311  -1100.570  0.058  -1109.924  0.375
O96Ru44W3La1          -1090.358  -1101.163  0.346  -1096.364  0.063  -1105.781  0.399
O96Ru45Pb2Ag1         -1055.048  -1065.798  0.314  -1061.247  0.056  -1070.475  0.412
O96Ru45Re2Tc1         -1087.507  -1098.299  0.341  -1093.502  0.022  -1102.905  0.378
O96Ru45Tl2Hf1         -1054.180  -1065.027  0.336  -1060.459  0.048  -1069.687  0.369
O96Ru45W2Ta1          -1098.392  -1109.278  0.356  -1104.434  0.057  -1113.863  0.410
O96Ru48               -1076.489  -1087.334  0.308  -1082.583  0.055  -1091.884  0.383
# monodoping
O96Ru47Sc1            -1080.017  -1090.661  0.326  -1085.949  0.045  -1095.311  0.369
O96Ru47V1             -1080.717  -1091.526  0.327  -1086.799  0.055  -1096.055  0.378
O96Ru47Cr1            -1079.610  -1090.444  0.327  -1085.699  0.051  -1094.969  0.349
O96Ru47Mn1            -1078.632  -1089.461  0.332  -1084.749  0.052  -1094.046  0.375
O96Ru47Fe1            -1076.802  -1087.486  0.308  -1082.747  0.052  -1092.077  0.370
O96Ru47Co1            -1074.649  -1085.534  0.341  -1080.789  0.047  -1090.078  0.375
O96Ru47Ni1            -1072.705  -1083.592  0.298  -1078.876  0.058  -1088.178  0.375
O96Ru47Cu1            -1070.770  -1081.441  0.352  -1076.708  0.053  -1086.065  0.377
O96Ru47Zn1            -1069.768  -1080.370  0.355  -1075.660  0.060  -1084.977  0.386
O96Ru47Ga1            -1072.638  -1083.290  0.331  -1078.591  0.042  -1087.880  0.401
O96Ru47Ge1            -1073.594  -1084.312  0.318  -1079.537  0.059  -1088.847  0.355
O96Ru47Y1             -1079.933  -1090.589  0.299  -1085.863  0.078  -1095.339  0.396
O96Ru47Zr1            -1082.550  -1093.256  0.339  -1088.540  0.052  -1097.901  0.367
O96Ru47Nb1            -1081.949  -1092.757  0.351  -1088.042  0.044  -1097.354  0.372
O96Ru47Mo1            -1080.958  -1091.789  0.341  -1087.165  0.049  -1096.353  0.330
O96Ru47Tc1            -1078.742  -1089.581  0.315  -1084.878  0.045  -1094.135  0.336
O96Ru47Rh1            -1074.251  -1085.075  0.338  -1080.331  0.053  -1089.647  0.374
O96Ru47Pd1            -1071.536  -1082.315  0.347  -1077.576  0.056  -1086.947  0.364
O96Ru47Ag1            -1068.406  -1078.974  0.332  -1074.229  0.057  -1083.672  0.397
O96Ru47Cd1            -1068.404  -1078.908  0.312  -1074.167  0.067  -1083.601  0.396
O96Ru47In1            -1071.259  -1081.797  0.317  -1077.088  0.075  -1086.467  0.398
O96Ru47Sn1            -1072.848  -1083.473  0.316  -1078.735  0.051  -1088.110  0.399
O96Ru47Sb1            -1072.725  -1083.370  0.304  -1078.573  0.030  -1087.996  0.393
O96Ru47Hf1            -1084.063  -1094.778  0.333  -1090.061  0.058  -1099.419  0.363
O96Ru47Ta1            -1084.622  -1095.460  0.350  -1090.740  0.062  -1100.018  0.369
O96Ru47W1             -1083.205  -1094.076  0.320  -1089.448  0.055  -1098.632  0.381
O96Ru47Re1            -1080.517  -1091.399  0.341  -1086.747  0.050  -1095.974  0.380
O96Ru47Os1            -1077.813  -1088.683  0.284  -1083.937  0.050  -1093.231  0.367
O96Ru47Ir1            -1075.165  -1086.025  0.342  -1081.280  0.056  -1090.587  0.349
O96Ru47Pt1            -1072.203  -1083.039  0.345  -1078.303  0.036  -1087.641  0.376
O96Ru47Au1            -1068.421  -1079.114  0.344  -1074.362  0.047  -1083.718  0.400
O96Ru47Tl1            -1069.875  -1080.296  0.300  -1075.610  0.048  -1085.167  0.405
O96Ru47Pb1            -1071.700  -1082.222  0.338  -1077.629  0.056  -1086.975  0.386
O96Ru47Po1            -1070.433  -1081.083  0.317  -1076.379  0.033  -1085.766  0.391
